[app/ui]
version = 7.2.0
modtime = 1542023578.460771000

[app/launcher]
version = 7.2.0
modtime = 1542023578.468523000

[app/package/check_for_updates]
version = 7.2.0
modtime = 1542023578.470959000
